-139.99539939868944 -145.3457607028178 -84.67649516326827
-144.75504258282902 -152.44156465565462 -153.31424474863448
-147.22514294444738 -155.4981274502248 -151.64686024480858
-148.7135835338216 -125.54451070909673 -155.2909587199343
-119.74539760988935 -125.00512889889528 -76.30374202779457
-125.36085849085221 -127.25506942174931 -129.10355070444956
-117.84039557721457 -117.16393215819961 -117.51593731552562
-116.12281074968665 -116.56125338840704 -102.79200739299601
-118.51716830198188 -118.79867878475768 -59.98595601085276
-111.90627914229286 -112.02492318611178 -125.99062150766937
-111.49767128621257 -111.97366070890604 -112.45750710016267
-120.39702988702885 -99.92979610255024 -145.28309215899748
-79.84932677752023 -91.01382018279074 -38.111914039898096
-91.21954989326098 -93.66554721296298 -120.61778381696715
-79.9754005297795 -76.16002318762408 -81.25212179806691
-80.79215722142997 -53.42576054573921 -82.98958101752375
-27.660478828808063 -87.51758960666868 -169.41403717593678
-87.09980215743903 -77.33658253162204 -147.67396179473414
-59.58192016699027 -51.06323891974739 -60.362786190782295
-49.81305153629765 -59.87435672675585 -12.200349359809099
-29.79173461310776 -38.385355214811234 22.46842237301758
-5.718880185802263 -57.78497734479949 -64.24474603845884
-46.30730151717007 -60.02124366765947 -60.08531139276563
-59.71885384048909 8.96961109485077 -63.56282227821488
32.198479118703574 -47.79293979400141 -120.67243310996363
-22.69367705994685 -64.34868650282732 -83.83683199837111
-37.971540925743675 -4.555956361594342 -48.97006667125844
-5.708777092901039 3.5490662890652724 45.90129959913452
7.922411487236666 10.842428339772157 59.36161829234947
48.03416092767884 -21.774721991063107 -30.20120906478985
-21.81726622949614 4.37850664624078 -25.69341
-16.798835977764206 56.54725295302111 -29.976567095516796
66.97246626270689 -18.644928118860282 -143.46781381658022
-9.363897705393716 -18.8757063 -103.123298
-19.0010675 1.8010211595441508 -21.4649559
27.045930842353357 32.07433241753179 70.42090719784848
33.52180269197872 -11.632102975500173 -115.34033759349549
8.08781007910024 -15.1320692 -18.8647755
-13.0575589701633 28.877229998170357 -19.2216354
-7.980432960432105 2.4256210520433275 73.37913329865248
0.49525105263333363 -99.3148629 -92.1814571
-13.3317936 14.675719119891312 -12.66080756389809
-19.264930926364787 79.26495368744983 -100.75633869633442
5.253008854244097 0.04192231969357202 109.37741508706682
28.53820080282322 -16.208765450240122 -126.992372
-8.128397884813312 90.45077032589369 -6.86757722
92.8197052767798 70.3665481296747 157.44451820361047
129.15741274198453 5.22996987852258 -176.58921737226956
-6.41982984 -6.5017464 -15.1876839
-6.66646125297 51.80252063391792 -16.6474751
5.873974135216502 7.13974237906104 188.46440000862603
-6.42106684 -6.41880686 31.79954987030524
-0.91 22.88901393228692 -3.92773595
-0.91 -7.0923887236910765 0.0
16.053935918135334 205.73503523919754 134.29922362672772
139.26504650840167 174.82783762748443 214.93178364720995
-76.65183193387787 -78.02759352099781 -28.269656624472937
-81.32716539561481 -81.87743478395296 -82.00264591461925
84.53046422196932 -82.66905018183833 -122.37674778196941
-75.77722481643103 -64.06930098171235 -136.61953489371132
-62.795120416575195 -38.524937757968566 -61.517425909624166
-54.70354933947591 -59.08444797510954 -26.26366725896578
-61.33784697559508 -68.98766918046735 -109.78726053380757
-66.50973309066623 -58.07159165458172 -76.41920335432934
-30.09882289664456 14.483034663908281 -35.00677976804159
-23.708528015460626 -30.177650603246633 30.584620747669106
-24.556203548007236 -35.731652650710444 -127.70906102646553
-34.64871641198583 -4.230125086950414 -139.63111764790696
-94.80362968006148 -110.31778661828814 -136.06520830095496
-107.43188499395927 -106.88163915996782 -106.78029301940947
-107.59650651552201 -106.05416729081793 -126.37827170685642
-111.509185328971 -110.96576528820475 -89.53239537215039
-102.45998370696242 -93.06377276280388 -113.1701225827182
-92.03205555291659 -93.03744831180659 -104.0530795730913
-86.12014811781366 -85.86430973208661 -127.97109423365576
-88.40337670935956 -87.80645953103148 -41.16155711916963
-59.42104399790051 -60.68148863877207 -135.4577980869048
-61.76354246675258 -62.14887117184445 -73.71151607230371
-62.85537577736541 -61.43668522588404 -141.311964938155
-58.01719951098455 -57.91309800901545 -34.89004714255415
-47.452768718018135 -47.138124305817854 -134.02820909122576
-46.31608021144778 -46.62965135658834 -59.650311009881
-53.737239464794385 -48.448394940160746 -123.1689905069085
-54.247890124790786 -49.17185872060372 1.8181625288147556
-9.225134062951398 -25.11336576141575 58.07306395998535
-19.939489888679365 -14.981303799294537 -93.3703077
-15.235896901251587 -10.574174933179162 -112.71173326547287
-15.711758328091564 46.69406705384735 -133.45373049605442
-0.866412518 2.45944061 95.16193154196478
2.42245805 0.498197416 -113.96682
-3.664476 -0.517720035 -8.98618173
-3.99641331 41.03942545630392 -116.557214
186.36684586318043 0.0 -0.7
-0.7 -0.244136274 -90.0464837
0.401612822 187.80052831654606 0.0
156.70466287894922 61.3852879 196.0632011955728