-139.99539939868944 -146.25242376307045 -71.03512595559891
-139.39036479798227 -152.44156465565462 -153.31424474863448
-147.22514294444738 -155.4981274502248 -151.64686024480858
-148.7135835338216 -125.54451070909673 -155.2909587199343
-119.04168256602102 -126.52136100131996 -53.762187318026236
-113.53123007199669 -127.25506942174931 -129.10355070444956
-117.84039557721457 -117.16393215819961 -117.51593731552562
-116.12281074968665 -116.56125338840704 -101.50338374555814
-112.92317996188592 -117.47266902997286 -39.439542832995265
-98.35948197941573 -112.02492318611178 -131.67073587218204
-111.49767128621257 -111.97366070890604 -112.45750710016267
-120.39702988702885 -83.69837416787065 -145.28309215899748
-76.06735485974104 -91.63174984377787 -29.826717876625786
-74.23097089538425 -93.66554721296298 -120.61778381696715
-79.9754005297795 -76.16002318762408 -81.25212179806691
-80.79215722142997 -46.92999890750459 -82.98958101752375
-20.18458996097149 -87.26747915156915 -170.6759481056594
-87.09980215743903 -75.55605845367533 -147.67396179473414
-59.58192016699027 -41.59257025484316 -60.362786190782295
-50.65788924829494 -57.38513359860086 -9.79440584646398
-22.84762385706698 -35.67400294162151 10.038574995340088
-1.4255516449399306 -57.78497734479949 -64.24474603845884
-46.30730151717007 -60.02124366765947 -60.08531139276563
-59.71885384048909 3.6579326836179527 -64.33592642050151
25.002215492853278 -47.79293979400141 -138.04340548772632
-18.50730328049304 -64.34868650282732 -83.83683199837111
-37.971540925743675 3.7431076588921015 -48.97006667125844
-6.638427924660692 6.530429717082498 37.43142674793604
15.915788208562837 10.842428339772157 64.01252343409311
44.26512122363121 -19.87253464727144 -30.18237483312571
-21.81726622949614 12.292650440397765 -25.69341
-13.310563360472477 52.522232500665766 -29.976567095516796
74.41040124778176 -18.644928118860282 -150.06360496725299
-9.363897705393716 -18.8757063 -103.123298
-19.0010675 8.769501681092578 -21.4649559
23.916036810593802 32.07433241753179 86.26663464754543
37.06595285830742 -11.632102975500173 -115.34033759349549
10.030643932312152 -15.1320692 -18.8647755
-13.0575589701633 35.38596181544676 -19.2216354
-4.88129835456637 2.4256210520433275 116.44413791050569
14.196253851796632 -99.3148629 -92.1814571
-13.3317936 14.675719119891312 -12.66080756389809
-19.264930926364787 94.34991683047683 -100.75633869633442
18.8063760176923 -0.31423056017035184 146.38170126154867
38.72183161589412 -16.208765450240122 -126.992372
-8.128397884813312 97.79650289603833 -6.86757722
92.0114594707135 82.36159738128734 158.77725416906708
157.93727392990618 7.175178368544174 -177.18425630573378
-6.41982984 -6.5017464 -15.1876839
-6.66646125297 51.80252063391792 -16.6474751
5.873974135216502 9.148071637278907 164.58777375364474
-6.42106684 -6.41880686 -9.658737083078783
-0.91 22.88901393228692 -3.92773595
-0.91 -7.0923887236910765 -17.74856464551615
14.3485423263218 212.97857226611825 134.29922362672772
145.27299168647744 174.82783762748443 225.22667122403433
-76.65183193387787 -78.02759352099781 -26.502736758952185
-81.32716539561481 -81.87743478395296 -82.00264591461925
84.53046422196932 -82.66905018183833 -122.37674778196941
-75.77722481643103 -60.56769924415133 -136.61953489371132
-62.795120416575195 -29.19503985272422 -61.517425909624166
-54.70354933947591 -59.08444797510954 -12.209321280173059
-61.33784697559508 -68.98766918046735 -109.78726053380757
-66.50973309066623 -54.82179397532561 -76.41920335432934
-30.09882289664456 24.335977580726876 -35.00677976804159
-23.708528015460626 -30.177650603246633 33.75640401558302
-24.556203548007236 -35.731652650710444 -127.70906102646553
-34.64871641198583 6.327985147477388 -139.63111764790696
-93.73582376135656 -110.31778661828814 -136.06520830095496
-107.43188499395927 -106.88163915996782 -106.78029301940947
-107.59650651552201 -104.92011776865914 -126.37827170685642
-111.84552102328324 -110.96576528820475 -79.56820499298372
-102.45998370696242 -93.06377276280388 -113.1701225827182
-92.03205555291659 -93.03744831180659 -104.0530795730913
-86.12014811781366 -85.86430973208661 -127.97109423365576
-88.40337670935956 -87.80645953103148 -66.18349607593073
-59.42104399790051 -60.68148863877207 -135.4577980869048
-61.76354246675258 -62.14887117184445 -73.71151607230371
-62.85537577736541 -61.43668522588404 -141.311964938155
-58.01719951098455 -57.91309800901545 -41.41794468185065
-47.452768718018135 -47.138124305817854 -134.02820909122576
-46.31608021144778 -46.62965135658834 -59.650311009881
-53.737239464794385 -48.448394940160746 -123.1689905069085
-54.247890124790786 -49.17185872060372 19.23770652185193
-9.225134062951398 -25.11336576141575 80.06028356930317
-19.939489888679365 -14.981303799294537 -93.3703077
-15.235896901251587 -10.574174933179162 -112.71173326547287
-15.711758328091564 52.98652428676928 -133.45373049605442
-0.866412518 2.45944061 134.32215369366799
2.42245805 0.498197416 -113.96682
-3.664476 -0.517720035 -8.98618173
-3.99641331 46.786945187013714 -116.557214
185.1192495583187 -0.12368121857800002 -0.7
-0.7 17.896928600104967 -90.0464837
0.401612822 187.4471113180097 0.0
156.70466287894922 61.3852879 199.67586923063098
